 139654059
 368917908
 964063779
 873545798
 881192581
 581867686
 432058797
 985717142
 722722033
 914219812
 636338624
 228152485
 527520699
 699552397
 287195719
 126182700
 222215775
 296738145
 527592013
 736136036
 758729047
 108994435
 711034265
 547894187
 129952712
 126650825
 121632382
 804460869
 624996343
 390616847
 632806876
 123111521
 135556737
 460282182
 139056517
 118281733
 458820179
 640557278
 984946946
 327611235
 884363809
 801332806
 427674677
 144038721
 100578138
 116405592
 731151347
 101633316
 947617577
 880893398